X_ = array([[[4266.666667],
        [4263.076923],
        [4268.205128],
        [4275.897436],
        [4271.794872],
        [4264.615385],
        [4267.179487],
        [4266.153846],
        [4268.717949],
        [4280.      ],
        [4276.923077],
        [4269.230769],
        [4277.948718],
        [4280.      ],
        [4269.74359 ],
        [4267.179487],
        [4269.74359 ],
        [4266.666667],
        [4264.615385],
        [4276.410256],
        [4285.641026],
        [4280.      ],
        [4276.410256],
        [4280.      ],
        [4277.948718],
        [4272.307692],
        [4274.871795],
        [4279.487179],
        [4270.25641 ],
        [4265.641026],
        [4275.384615],
        [4277.435897]],

       [[4203.589744],
        [4214.358974],
        [4210.769231],
        [4209.230769],
        [4226.153846],
        [4207.692308],
        [4220.512821],
        [4216.410256],
        [4208.205128],
        [4231.794872],
        [4211.282051],
        [4218.974359],
        [4228.205128],
        [4214.871795],
        [4228.205128],
        [4213.846154],
        [4221.025641],
        [4225.128205],
        [4210.769231],
        [4235.384615],
        [4226.666667],
        [4227.179487],
        [4235.384615],
        [4222.564103],
        [4238.461538],
        [4225.128205],
        [4228.205128],
        [4241.538462],
        [4219.487179],
        [4235.897436],
        [4232.307692],
        [4225.641026]],

       [[4299.487179],
        [4301.538462],
        [4295.384615],
        [4302.564103],
        [4300.512821],
        [4288.717949],
        [4301.538462],
        [4295.897436],
        [4300.      ],
        [4308.205128],
        [4293.846154],
        [4301.025641],
        [4299.487179],
        [4298.974359],
        [4300.512821],
        [4288.205128],
        [4298.974359],
        [4295.384615],
        [4290.769231],
        [4303.076923],
        [4301.025641],
        [4308.717949],
        [4300.512821],
        [4295.384615],
        [4304.102564],
        [4291.794872],
        [4301.538462],
        [4302.564103],
        [4291.282051],
        [4296.923077],
        [4287.179487],
        [4293.333333]],

       [[4265.641026],
        [4289.230769],
        [4276.923077],
        [4279.487179],
        [4286.666667],
        [4261.538462],
        [4291.282051],
        [4283.076923],
        [4282.051282],
        [4301.025641],
        [4277.435897],
        [4301.538462],
        [4290.25641 ],
        [4276.923077],
        [4292.307692],
        [4265.128205],
        [4286.666667],
        [4283.076923],
        [4268.205128],
        [4295.897436],
        [4281.025641],
        [4291.794872],
        [4287.692308],
        [4276.410256],
        [4300.      ],
        [4276.410256],
        [4290.769231],
        [4294.871795],
        [4272.307692],
        [4298.974359],
        [4281.025641],
        [4285.641026]],

       [[4228.717949],
        [4237.435897],
        [4227.692308],
        [4228.205128],
        [4236.923077],
        [4233.333333],
        [4239.487179],
        [4229.230769],
        [4233.333333],
        [4238.461538],
        [4224.102564],
        [4234.358974],
        [4232.307692],
        [4232.820513],
        [4238.974359],
        [4225.641026],
        [4234.871795],
        [4236.923077],
        [4233.333333],
        [4236.410256],
        [4227.692308],
        [4237.435897],
        [4233.846154],
        [4228.205128],
        [4236.923077],
        [4226.666667],
        [4236.923077],
        [4236.410256],
        [4221.025641],
        [4232.307692],
        [4229.74359 ],
        [4235.897436]],

       [[4220.512821],
        [4231.282051],
        [4218.461538],
        [4218.974359],
        [4229.230769],
        [4220.512821],
        [4229.230769],
        [4223.076923],
        [4225.128205],
        [4227.692308],
        [4214.358974],
        [4228.205128],
        [4227.179487],
        [4224.615385],
        [4229.230769],
        [4218.461538],
        [4228.205128],
        [4224.102564],
        [4222.564103],
        [4233.846154],
        [4218.974359],
        [4223.589744],
        [4224.615385],
        [4218.974359],
        [4227.692308],
        [4215.897436],
        [4222.564103],
        [4224.615385],
        [4215.897436],
        [4226.666667],
        [4219.487179],
        [4225.128205]],

       [[4271.282051],
        [4277.435897],
        [4271.282051],
        [4277.948718],
        [4282.564103],
        [4272.307692],
        [4281.538462],
        [4275.897436],
        [4276.410256],
        [4280.512821],
        [4269.230769],
        [4278.461538],
        [4275.384615],
        [4273.846154],
        [4282.564103],
        [4274.871795],
        [4282.051282],
        [4279.487179],
        [4276.410256],
        [4283.589744],
        [4274.358974],
        [4278.461538],
        [4277.435897],
        [4276.923077],
        [4282.564103],
        [4268.205128],
        [4278.974359],
        [4283.076923],
        [4271.794872],
        [4280.      ],
        [4275.384615],
        [4279.487179]],

       [[4270.769231],
        [4263.076923],
        [4265.641026],
        [4261.538462],
        [4255.897436],
        [4257.948718],
        [4261.538462],
        [4281.538462],
        [4281.025641],
        [4265.641026],
        [4274.871795],
        [4268.717949],
        [4258.974359],
        [4264.615385],
        [4265.641026],
        [4267.692308],
        [4269.230769],
        [4277.435897],
        [4281.025641],
        [4277.435897],
        [4282.051282],
        [4273.846154],
        [4276.923077],
        [4284.102564],
        [4270.25641 ],
        [4269.74359 ],
        [4271.794872],
        [4269.74359 ],
        [4270.769231],
        [4271.282051],
        [4276.923077],
        [4270.25641 ]],

       [[4230.25641 ],
        [4233.846154],
        [4233.333333],
        [4233.333333],
        [4235.897436],
        [4233.846154],
        [4231.282051],
        [4229.74359 ],
        [4232.820513],
        [4234.358974],
        [4231.794872],
        [4233.846154],
        [4232.307692],
        [4229.74359 ],
        [4232.820513],
        [4234.358974],
        [4234.358974],
        [4230.25641 ],
        [4232.307692],
        [4234.871795],
        [4229.230769],
        [4229.74359 ],
        [4230.769231],
        [4232.307692],
        [4235.384615],
        [4232.820513],
        [4230.25641 ],
        [4230.769231],
        [4232.307692],
        [4233.846154],
        [4233.333333],
        [4234.358974]],

       [[4231.282051],
        [4232.307692],
        [4232.820513],
        [4232.820513],
        [4232.820513],
        [4231.794872],
        [4231.282051],
        [4231.282051],
        [4231.282051],
        [4231.794872],
        [4232.307692],
        [4232.820513],
        [4232.820513],
        [4231.282051],
        [4231.282051],
        [4232.307692],
        [4232.820513],
        [4230.769231],
        [4231.794872],
        [4233.333333],
        [4232.820513],
        [4233.846154],
        [4233.333333],
        [4232.307692],
        [4233.333333],
        [4230.769231],
        [4229.74359 ],
        [4232.307692],
        [4232.820513],
        [4231.282051],
        [4231.794872],
        [4233.846154]],

       [[4287.692308],
        [4284.615385],
        [4291.282051],
        [4294.871795],
        [4292.307692],
        [4297.435897],
        [4298.974359],
        [4289.74359 ],
        [4293.846154],
        [4306.666667],
        [4296.923077],
        [4283.076923],
        [4286.153846],
        [4288.717949],
        [4287.692308],
        [4286.153846],
        [4286.153846],
        [4290.25641 ],
        [4289.74359 ],
        [4295.897436],
        [4302.051282],
        [4290.769231],
        [4291.282051],
        [4306.666667],
        [4301.025641],
        [4283.589744],
        [4283.589744],
        [4294.871795],
        [4293.846154],
        [4288.717949],
        [4293.333333],
        [4296.410256]],

       [[4248.717949],
        [4244.615385],
        [4239.487179],
        [4247.692308],
        [4246.666667],
        [4237.948718],
        [4245.128205],
        [4244.615385],
        [4247.692308],
        [4252.820513],
        [4244.102564],
        [4244.102564],
        [4245.641026],
        [4245.128205],
        [4240.512821],
        [4237.948718],
        [4246.666667],
        [4240.512821],
        [4237.435897],
        [4245.128205],
        [4246.666667],
        [4250.769231],
        [4247.179487],
        [4244.102564],
        [4247.179487],
        [4245.128205],
        [4250.769231],
        [4245.641026],
        [4238.461538],
        [4241.025641],
        [4234.871795],
        [4240.      ]],

       [[4276.410256],
        [4276.923077],
        [4284.615385],
        [4285.128205],
        [4286.153846],
        [4280.512821],
        [4277.435897],
        [4277.435897],
        [4283.589744],
        [4296.410256],
        [4287.179487],
        [4278.461538],
        [4284.102564],
        [4275.384615],
        [4271.282051],
        [4276.923077],
        [4282.564103],
        [4285.641026],
        [4283.589744],
        [4290.769231],
        [4294.358974],
        [4293.333333],
        [4295.384615],
        [4293.333333],
        [4296.410256],
        [4286.666667],
        [4278.461538],
        [4290.25641 ],
        [4287.179487],
        [4285.128205],
        [4296.410256],
        [4294.358974]],

       [[4287.179487],
        [4294.871795],
        [4292.307692],
        [4298.461538],
        [4302.051282],
        [4290.769231],
        [4301.025641],
        [4292.820513],
        [4288.717949],
        [4296.923077],
        [4285.641026],
        [4290.769231],
        [4290.769231],
        [4289.74359 ],
        [4290.25641 ],
        [4279.487179],
        [4292.307692],
        [4293.846154],
        [4286.153846],
        [4296.410256],
        [4296.923077],
        [4300.512821],
        [4287.179487],
        [4281.025641],
        [4297.435897],
        [4290.25641 ],
        [4292.820513],
        [4291.794872],
        [4283.589744],
        [4294.871795],
        [4286.666667],
        [4287.692308]]])