X_ = array([[[4218.974359],
        [4235.897436],
        [4216.923077],
        [4237.435897],
        [4256.923077],
        [4257.435897],
        [4252.820513],
        [4243.076923],
        [4262.051282],
        [4249.230769],
        [4236.410256],
        [4260.512821],
        [4252.307692],
        [4243.589744],
        [4236.410256],
        [4242.564103],
        [4258.461538],
        [4236.923077],
        [4241.025641],
        [4252.820513],
        [4251.794872],
        [4256.923077],
        [4238.461538],
        [4255.384615],
        [4266.153846],
        [4237.435897],
        [4240.      ],
        [4238.974359],
        [4244.615385],
        [4252.307692],
        [4242.051282],
        [4251.794872]],

       [[4222.051282],
        [4230.769231],
        [4217.435897],
        [4237.948718],
        [4272.820513],
        [4272.307692],
        [4258.461538],
        [4257.435897],
        [4265.641026],
        [4256.410256],
        [4251.794872],
        [4268.717949],
        [4267.692308],
        [4254.358974],
        [4248.205128],
        [4255.384615],
        [4266.666667],
        [4258.461538],
        [4251.282051],
        [4260.      ],
        [4267.692308],
        [4258.974359],
        [4241.538462],
        [4260.512821],
        [4274.871795],
        [4244.615385],
        [4233.846154],
        [4244.102564],
        [4247.692308],
        [4249.230769],
        [4247.179487],
        [4249.74359 ]],

       [[4212.307692],
        [4229.230769],
        [4217.948718],
        [4234.358974],
        [4265.641026],
        [4268.717949],
        [4254.871795],
        [4251.794872],
        [4264.615385],
        [4255.897436],
        [4250.25641 ],
        [4266.153846],
        [4264.102564],
        [4247.179487],
        [4236.410256],
        [4251.794872],
        [4266.153846],
        [4248.717949],
        [4245.128205],
        [4258.461538],
        [4265.128205],
        [4259.487179],
        [4244.615385],
        [4261.538462],
        [4273.846154],
        [4249.74359 ],
        [4237.435897],
        [4238.461538],
        [4247.692308],
        [4253.333333],
        [4250.25641 ],
        [4252.820513]],

       [[4222.051282],
        [4235.897436],
        [4225.128205],
        [4241.025641],
        [4268.717949],
        [4274.358974],
        [4264.615385],
        [4258.974359],
        [4271.794872],
        [4260.      ],
        [4251.282051],
        [4269.74359 ],
        [4268.717949],
        [4255.897436],
        [4246.666667],
        [4255.384615],
        [4268.717949],
        [4255.384615],
        [4253.333333],
        [4264.102564],
        [4269.74359 ],
        [4266.153846],
        [4246.153846],
        [4261.538462],
        [4274.871795],
        [4248.205128],
        [4240.      ],
        [4245.128205],
        [4252.820513],
        [4257.435897],
        [4253.333333],
        [4256.410256]],

       [[4227.692308],
        [4232.820513],
        [4227.692308],
        [4230.769231],
        [4230.25641 ],
        [4233.333333],
        [4229.74359 ],
        [4223.589744],
        [4234.358974],
        [4229.74359 ],
        [4225.641026],
        [4232.820513],
        [4231.282051],
        [4235.384615],
        [4231.794872],
        [4231.794872],
        [4235.384615],
        [4228.205128],
        [4232.820513],
        [4232.820513],
        [4230.25641 ],
        [4232.307692],
        [4226.153846],
        [4235.384615],
        [4235.384615],
        [4224.615385],
        [4230.769231],
        [4230.769231],
        [4232.307692],
        [4233.333333],
        [4233.333333],
        [4235.897436]],

       [[4240.512821],
        [4241.025641],
        [4232.307692],
        [4233.846154],
        [4253.846154],
        [4262.051282],
        [4254.871795],
        [4250.25641 ],
        [4253.846154],
        [4258.461538],
        [4259.487179],
        [4256.923077],
        [4257.435897],
        [4265.641026],
        [4257.948718],
        [4244.102564],
        [4258.974359],
        [4265.641026],
        [4246.153846],
        [4254.358974],
        [4281.538462],
        [4265.641026],
        [4240.512821],
        [4257.435897],
        [4272.307692],
        [4256.923077],
        [4252.307692],
        [4258.974359],
        [4253.846154],
        [4253.333333],
        [4258.974359],
        [4255.384615]],

       [[4222.564103],
        [4250.25641 ],
        [4214.871795],
        [4247.179487],
        [4261.538462],
        [4249.74359 ],
        [4257.435897],
        [4231.282051],
        [4265.128205],
        [4259.487179],
        [4232.820513],
        [4268.717949],
        [4252.307692],
        [4248.717949],
        [4237.948718],
        [4235.384615],
        [4273.846154],
        [4241.538462],
        [4245.641026],
        [4264.615385],
        [4252.820513],
        [4272.307692],
        [4234.358974],
        [4250.25641 ],
        [4276.410256],
        [4229.74359 ],
        [4246.666667],
        [4244.102564],
        [4246.666667],
        [4264.102564],
        [4239.487179],
        [4262.564103]],

       [[4248.717949],
        [4254.871795],
        [4243.589744],
        [4247.692308],
        [4264.615385],
        [4253.333333],
        [4234.358974],
        [4241.025641],
        [4260.      ],
        [4257.435897],
        [4253.846154],
        [4271.282051],
        [4281.538462],
        [4269.74359 ],
        [4259.487179],
        [4270.25641 ],
        [4282.051282],
        [4268.717949],
        [4249.230769],
        [4252.307692],
        [4258.974359],
        [4246.666667],
        [4234.358974],
        [4261.538462],
        [4290.25641 ],
        [4271.282051],
        [4252.820513],
        [4263.076923],
        [4278.974359],
        [4285.128205],
        [4278.974359],
        [4270.25641 ]],

       [[4299.487179],
        [4315.384615],
        [4294.358974],
        [4310.769231],
        [4340.512821],
        [4342.564103],
        [4335.384615],
        [4328.717949],
        [4351.282051],
        [4345.641026],
        [4329.230769],
        [4351.794872],
        [4350.769231],
        [4341.025641],
        [4328.205128],
        [4327.692308],
        [4349.74359 ],
        [4337.435897],
        [4329.230769],
        [4338.461538],
        [4342.051282],
        [4343.076923],
        [4316.410256],
        [4335.384615],
        [4369.230769],
        [4336.923077],
        [4317.948718],
        [4325.641026],
        [4338.461538],
        [4332.307692],
        [4306.153846],
        [4320.      ]],

       [[4235.897436],
        [4231.282051],
        [4232.820513],
        [4237.435897],
        [4233.846154],
        [4233.846154],
        [4238.461538],
        [4236.923077],
        [4232.307692],
        [4232.307692],
        [4235.384615],
        [4233.333333],
        [4231.794872],
        [4233.846154],
        [4233.333333],
        [4232.307692],
        [4234.871795],
        [4232.820513],
        [4233.333333],
        [4239.487179],
        [4237.435897],
        [4232.307692],
        [4232.820513],
        [4234.358974],
        [4234.871795],
        [4235.384615],
        [4233.846154],
        [4232.307692],
        [4233.333333],
        [4233.333333],
        [4232.307692],
        [4233.846154]],

       [[4205.641026],
        [4217.948718],
        [4207.692308],
        [4220.512821],
        [4249.74359 ],
        [4246.666667],
        [4234.358974],
        [4245.641026],
        [4257.948718],
        [4245.128205],
        [4237.435897],
        [4250.769231],
        [4254.871795],
        [4242.564103],
        [4233.333333],
        [4241.538462],
        [4252.307692],
        [4246.666667],
        [4238.974359],
        [4247.179487],
        [4255.384615],
        [4246.153846],
        [4234.358974],
        [4258.461538],
        [4275.897436],
        [4245.128205],
        [4226.153846],
        [4236.923077],
        [4247.692308],
        [4252.820513],
        [4251.794872],
        [4248.717949]],

       [[4756.923077],
        [4739.487179],
        [4748.717949],
        [4823.589744],
        [4839.487179],
        [4843.589744],
        [4876.410256],
        [4897.948718],
        [4886.666667],
        [4850.25641 ],
        [4876.410256],
        [4965.641026],
        [4964.615385],
        [4894.871795],
        [4857.435897],
        [4802.051282],
        [4723.589744],
        [4729.74359 ],
        [4846.666667],
        [4917.948718],
        [4905.128205],
        [4896.410256],
        [4900.      ],
        [4977.435897],
        [5002.564103],
        [4864.615385],
        [4809.74359 ],
        [4975.384615],
        [4994.358974],
        [4633.846154],
        [4429.74359 ],
        [4657.435897]],

       [[4211.282051],
        [4218.974359],
        [4216.410256],
        [4230.769231],
        [4261.538462],
        [4261.025641],
        [4242.051282],
        [4247.179487],
        [4261.025641],
        [4253.333333],
        [4240.512821],
        [4253.846154],
        [4266.153846],
        [4245.641026],
        [4229.74359 ],
        [4243.589744],
        [4255.897436],
        [4250.769231],
        [4242.051282],
        [4251.794872],
        [4266.153846],
        [4253.846154],
        [4235.897436],
        [4257.435897],
        [4278.974359],
        [4250.25641 ],
        [4223.076923],
        [4236.410256],
        [4252.307692],
        [4251.794872],
        [4247.179487],
        [4247.179487]],

       [[4176.923077],
        [4190.769231],
        [4176.410256],
        [4194.871795],
        [4219.487179],
        [4216.923077],
        [4207.179487],
        [4204.102564],
        [4217.948718],
        [4208.717949],
        [4201.025641],
        [4215.897436],
        [4209.230769],
        [4198.974359],
        [4191.282051],
        [4199.487179],
        [4216.923077],
        [4204.102564],
        [4195.384615],
        [4200.      ],
        [4208.205128],
        [4207.692308],
        [4188.717949],
        [4210.769231],
        [4227.692308],
        [4195.384615],
        [4184.615385],
        [4190.25641 ],
        [4202.051282],
        [4212.820513],
        [4207.692308],
        [4207.179487]]])