X_ = array([[[4210.25641 ],
        [4229.230769],
        [4211.282051],
        [4226.666667],
        [4229.74359 ],
        [4212.820513],
        [4235.384615],
        [4218.974359],
        [4229.74359 ],
        [4233.333333],
        [4213.333333],
        [4243.589744],
        [4231.282051],
        [4227.179487],
        [4236.410256],
        [4221.025641],
        [4244.615385],
        [4229.74359 ],
        [4225.641026],
        [4236.923077],
        [4216.923077],
        [4234.871795],
        [4222.051282],
        [4220.      ],
        [4237.948718],
        [4214.871795],
        [4233.846154],
        [4228.717949],
        [4224.102564],
        [4250.769231],
        [4230.769231],
        [4237.435897]],

       [[4190.25641 ],
        [4208.205128],
        [4192.820513],
        [4198.974359],
        [4203.076923],
        [4195.897436],
        [4219.487179],
        [4207.179487],
        [4203.589744],
        [4207.692308],
        [4198.461538],
        [4220.      ],
        [4214.358974],
        [4211.282051],
        [4216.410256],
        [4203.589744],
        [4215.897436],
        [4200.512821],
        [4193.846154],
        [4208.717949],
        [4199.487179],
        [4211.794872],
        [4203.589744],
        [4194.871795],
        [4207.179487],
        [4195.897436],
        [4205.641026],
        [4203.589744],
        [4207.692308],
        [4230.25641 ],
        [4210.769231],
        [4206.666667]],

       [[4241.025641],
        [4246.153846],
        [4262.564103],
        [4257.435897],
        [4255.384615],
        [4260.512821],
        [4266.666667],
        [4273.846154],
        [4259.487179],
        [4257.948718],
        [4268.205128],
        [4271.794872],
        [4276.923077],
        [4261.538462],
        [4263.076923],
        [4278.974359],
        [4273.846154],
        [4265.641026],
        [4256.923077],
        [4265.641026],
        [4272.307692],
        [4256.923077],
        [4258.974359],
        [4258.461538],
        [4255.897436],
        [4255.384615],
        [4248.205128],
        [4263.076923],
        [4271.794872],
        [4273.333333],
        [4274.358974],
        [4258.974359]],

       [[4222.051282],
        [4266.666667],
        [4173.333333],
        [4241.025641],
        [4254.871795],
        [4215.384615],
        [4274.871795],
        [4202.051282],
        [4259.487179],
        [4263.076923],
        [4197.948718],
        [4277.435897],
        [4220.      ],
        [4253.333333],
        [4259.487179],
        [4183.589744],
        [4269.230769],
        [4225.128205],
        [4240.512821],
        [4257.948718],
        [4187.179487],
        [4276.410256],
        [4230.769231],
        [4228.717949],
        [4268.205128],
        [4197.435897],
        [4273.846154],
        [4223.589744],
        [4209.230769],
        [4280.512821],
        [4215.897436],
        [4270.769231]],

       [[4225.128205],
        [4232.820513],
        [4221.538462],
        [4228.717949],
        [4231.282051],
        [4230.25641 ],
        [4232.820513],
        [4218.461538],
        [4228.205128],
        [4232.820513],
        [4227.179487],
        [4233.333333],
        [4222.051282],
        [4229.230769],
        [4233.333333],
        [4224.615385],
        [4230.769231],
        [4223.589744],
        [4231.794872],
        [4230.25641 ],
        [4218.461538],
        [4234.871795],
        [4229.74359 ],
        [4227.179487],
        [4228.205128],
        [4221.025641],
        [4233.846154],
        [4226.666667],
        [4226.666667],
        [4234.871795],
        [4224.102564],
        [4232.307692]],

       [[4207.179487],
        [4205.641026],
        [4204.615385],
        [4209.230769],
        [4211.794872],
        [4207.692308],
        [4213.333333],
        [4213.333333],
        [4211.282051],
        [4214.871795],
        [4212.307692],
        [4214.871795],
        [4214.871795],
        [4212.820513],
        [4215.897436],
        [4214.358974],
        [4214.358974],
        [4210.769231],
        [4209.230769],
        [4211.282051],
        [4208.717949],
        [4214.871795],
        [4216.410256],
        [4212.820513],
        [4216.923077],
        [4214.871795],
        [4214.358974],
        [4213.846154],
        [4211.282051],
        [4217.435897],
        [4221.025641],
        [4222.051282]],

       [[4210.25641 ],
        [4219.487179],
        [4209.230769],
        [4213.333333],
        [4221.025641],
        [4216.923077],
        [4217.435897],
        [4209.74359 ],
        [4218.974359],
        [4221.025641],
        [4210.25641 ],
        [4218.974359],
        [4217.435897],
        [4220.512821],
        [4222.564103],
        [4216.410256],
        [4228.717949],
        [4223.589744],
        [4221.538462],
        [4225.128205],
        [4215.384615],
        [4222.051282],
        [4218.461538],
        [4217.435897],
        [4222.051282],
        [4215.384615],
        [4226.666667],
        [4224.615385],
        [4223.076923],
        [4231.282051],
        [4225.128205],
        [4230.769231]],

       [[4244.102564],
        [4245.128205],
        [4245.641026],
        [4238.974359],
        [4238.974359],
        [4238.461538],
        [4234.358974],
        [4237.435897],
        [4230.25641 ],
        [4242.564103],
        [4252.820513],
        [4236.923077],
        [4240.      ],
        [4242.051282],
        [4240.      ],
        [4240.512821],
        [4236.410256],
        [4235.384615],
        [4218.974359],
        [4215.384615],
        [4231.282051],
        [4235.897436],
        [4245.641026],
        [4247.179487],
        [4243.076923],
        [4245.128205],
        [4244.102564],
        [4259.487179],
        [4258.461538],
        [4240.      ],
        [4243.076923],
        [4245.641026]],

       [[4203.076923],
        [4223.076923],
        [4210.25641 ],
        [4220.      ],
        [4213.846154],
        [4211.282051],
        [4230.769231],
        [4213.846154],
        [4217.435897],
        [4216.410256],
        [4215.897436],
        [4234.358974],
        [4214.871795],
        [4216.923077],
        [4226.153846],
        [4223.076923],
        [4230.25641 ],
        [4213.846154],
        [4221.025641],
        [4226.666667],
        [4217.948718],
        [4229.230769],
        [4214.358974],
        [4220.512821],
        [4227.692308],
        [4211.282051],
        [4226.153846],
        [4221.538462],
        [4223.589744],
        [4230.769231],
        [4212.820513],
        [4223.076923]],

       [[4234.358974],
        [4239.487179],
        [4238.461538],
        [4236.410256],
        [4233.846154],
        [4235.897436],
        [4236.923077],
        [4234.871795],
        [4236.410256],
        [4234.871795],
        [4232.307692],
        [4236.410256],
        [4236.923077],
        [4233.333333],
        [4229.74359 ],
        [4230.25641 ],
        [4231.794872],
        [4232.307692],
        [4234.871795],
        [4232.820513],
        [4231.794872],
        [4236.923077],
        [4233.846154],
        [4231.794872],
        [4234.871795],
        [4233.333333],
        [4232.307692],
        [4233.846154],
        [4235.897436],
        [4233.846154],
        [4230.769231],
        [4231.282051]],

       [[4212.820513],
        [4242.051282],
        [4216.410256],
        [4243.076923],
        [4238.974359],
        [4213.333333],
        [4248.205128],
        [4225.128205],
        [4236.410256],
        [4236.410256],
        [4217.948718],
        [4255.384615],
        [4229.230769],
        [4237.948718],
        [4248.717949],
        [4224.102564],
        [4257.948718],
        [4235.897436],
        [4237.435897],
        [4251.282051],
        [4223.589744],
        [4254.871795],
        [4232.307692],
        [4226.666667],
        [4253.846154],
        [4229.230769],
        [4252.307692],
        [4234.358974],
        [4235.897436],
        [4265.128205],
        [4229.74359 ],
        [4253.846154]],

       [[4110.769231],
        [4226.153846],
        [4194.358974],
        [4255.384615],
        [4287.179487],
        [4290.25641 ],
        [4376.923077],
        [4405.128205],
        [4406.666667],
        [4431.794872],
        [4438.974359],
        [4454.871795],
        [4448.205128],
        [4448.205128],
        [4459.487179],
        [4460.      ],
        [4482.564103],
        [4478.461538],
        [4480.512821],
        [4502.051282],
        [4497.948718],
        [4505.641026],
        [4498.461538],
        [4495.384615],
        [4503.589744],
        [4488.717949],
        [4503.076923],
        [4510.769231],
        [4498.974359],
        [4497.948718],
        [4485.641026],
        [4502.051282]],

       [[4243.589744],
        [4255.384615],
        [4266.666667],
        [4262.564103],
        [4262.051282],
        [4260.      ],
        [4266.666667],
        [4264.615385],
        [4257.435897],
        [4271.794872],
        [4274.871795],
        [4275.897436],
        [4280.      ],
        [4271.282051],
        [4272.820513],
        [4277.435897],
        [4280.      ],
        [4272.820513],
        [4261.538462],
        [4271.282051],
        [4274.871795],
        [4269.74359 ],
        [4266.666667],
        [4262.564103],
        [4268.717949],
        [4263.076923],
        [4261.025641],
        [4278.461538],
        [4282.564103],
        [4287.692308],
        [4286.666667],
        [4280.512821]],

       [[4202.564103],
        [4220.512821],
        [4224.615385],
        [4225.641026],
        [4223.076923],
        [4222.051282],
        [4237.435897],
        [4224.102564],
        [4222.051282],
        [4234.358974],
        [4227.692308],
        [4237.948718],
        [4233.846154],
        [4226.666667],
        [4233.846154],
        [4237.435897],
        [4244.102564],
        [4224.102564],
        [4221.538462],
        [4237.948718],
        [4227.179487],
        [4228.717949],
        [4225.128205],
        [4223.589744],
        [4231.282051],
        [4215.384615],
        [4221.538462],
        [4233.846154],
        [4237.435897],
        [4244.615385],
        [4234.358974],
        [4235.897436]]])