X_mobile = array([[[4231.794872],
        [4254.358974],
        [4263.076923],
        [4261.025641],
        [4263.589744],
        [4270.25641 ],
        [4251.794872],
        [4208.205128],
        [4172.820513],
        [4163.589744],
        [4170.25641 ],
        [4173.846154],
        [4192.307692],
        [4227.179487],
        [4240.512821],
        [4238.461538],
        [4246.153846],
        [4253.333333],
        [4252.820513],
        [4251.794872],
        [4251.794872],
        [4241.025641],
        [4224.102564],
        [4221.025641],
        [4223.076923],
        [4229.230769],
        [4242.051282],
        [4246.666667],
        [4255.897436],
        [4269.74359 ],
        [4266.666667],
        [4258.461538]],

       [[4223.076923],
        [4245.128205],
        [4249.230769],
        [4243.076923],
        [4244.615385],
        [4260.      ],
        [4250.25641 ],
        [4208.717949],
        [4188.717949],
        [4198.461538],
        [4200.512821],
        [4204.615385],
        [4220.      ],
        [4230.25641 ],
        [4242.564103],
        [4238.461538],
        [4225.641026],
        [4232.820513],
        [4240.      ],
        [4236.410256],
        [4237.948718],
        [4233.333333],
        [4221.025641],
        [4227.179487],
        [4230.25641 ],
        [4218.974359],
        [4230.769231],
        [4244.615385],
        [4244.102564],
        [4250.769231],
        [4245.641026],
        [4238.974359]],

       [[4228.205128],
        [4244.102564],
        [4246.666667],
        [4244.615385],
        [4249.230769],
        [4260.      ],
        [4251.794872],
        [4213.846154],
        [4188.205128],
        [4182.051282],
        [4181.025641],
        [4188.205128],
        [4201.538462],
        [4221.538462],
        [4228.717949],
        [4227.179487],
        [4238.461538],
        [4241.025641],
        [4240.512821],
        [4246.153846],
        [4246.666667],
        [4237.435897],
        [4220.512821],
        [4218.461538],
        [4223.076923],
        [4224.615385],
        [4236.923077],
        [4236.410256],
        [4240.512821],
        [4257.435897],
        [4252.307692],
        [4245.641026]],

       [[4250.769231],
        [4268.717949],
        [4264.615385],
        [4255.897436],
        [4266.153846],
        [4285.128205],
        [4273.333333],
        [4237.435897],
        [4213.333333],
        [4206.153846],
        [4207.692308],
        [4211.282051],
        [4222.564103],
        [4243.589744],
        [4250.25641 ],
        [4238.461538],
        [4237.435897],
        [4250.25641 ],
        [4255.897436],
        [4254.358974],
        [4257.948718],
        [4250.769231],
        [4234.871795],
        [4239.487179],
        [4245.641026],
        [4236.923077],
        [4242.051282],
        [4252.307692],
        [4258.974359],
        [4270.25641 ],
        [4267.179487],
        [4256.923077]],

       [[4228.717949],
        [4232.820513],
        [4224.102564],
        [4226.666667],
        [4227.692308],
        [4230.769231],
        [4232.307692],
        [4223.076923],
        [4225.641026],
        [4224.102564],
        [4225.641026],
        [4231.282051],
        [4222.051282],
        [4227.179487],
        [4228.205128],
        [4225.641026],
        [4231.794872],
        [4224.615385],
        [4228.717949],
        [4231.282051],
        [4222.564103],
        [4224.615385],
        [4226.666667],
        [4233.846154],
        [4231.794872],
        [4223.076923],
        [4226.666667],
        [4223.589744],
        [4229.230769],
        [4230.769231],
        [4221.025641],
        [4226.666667]],

       [[4228.205128],
        [4230.769231],
        [4224.102564],
        [4226.153846],
        [4226.666667],
        [4230.769231],
        [4229.74359 ],
        [4218.974359],
        [4227.692308],
        [4229.74359 ],
        [4226.153846],
        [4230.25641 ],
        [4225.641026],
        [4229.74359 ],
        [4230.25641 ],
        [4226.153846],
        [4229.74359 ],
        [4224.615385],
        [4226.153846],
        [4225.641026],
        [4225.128205],
        [4231.282051],
        [4225.641026],
        [4228.717949],
        [4228.717949],
        [4223.589744],
        [4229.74359 ],
        [4226.153846],
        [4229.230769],
        [4231.282051],
        [4222.051282],
        [4227.179487]],

       [[4184.102564],
        [4175.384615],
        [4177.948718],
        [4176.410256],
        [4184.615385],
        [4205.641026],
        [4225.128205],
        [4242.051282],
        [4235.384615],
        [4232.820513],
        [4238.974359],
        [4236.410256],
        [4238.461538],
        [4223.589744],
        [4195.897436],
        [4182.051282],
        [4183.076923],
        [4190.769231],
        [4189.74359 ],
        [4200.512821],
        [4228.205128],
        [4241.025641],
        [4245.128205],
        [4245.128205],
        [4244.615385],
        [4242.051282],
        [4224.102564],
        [4216.923077],
        [4215.897436],
        [4217.948718],
        [4216.923077],
        [4205.641026]],

       [[4216.923077],
        [4193.333333],
        [4185.128205],
        [4178.461538],
        [4182.051282],
        [4209.74359 ],
        [4231.794872],
        [4242.051282],
        [4234.358974],
        [4230.769231],
        [4233.846154],
        [4225.641026],
        [4224.615385],
        [4202.564103],
        [4177.948718],
        [4184.615385],
        [4200.      ],
        [4209.74359 ],
        [4210.769231],
        [4226.153846],
        [4247.692308],
        [4245.128205],
        [4246.666667],
        [4254.358974],
        [4255.384615],
        [4245.641026],
        [4222.051282],
        [4214.358974],
        [4216.923077],
        [4223.076923],
        [4233.846154],
        [4229.74359 ]],

       [[4228.717949],
        [4228.717949],
        [4230.25641 ],
        [4232.820513],
        [4228.717949],
        [4229.230769],
        [4234.871795],
        [4231.794872],
        [4230.769231],
        [4230.25641 ],
        [4230.25641 ],
        [4232.820513],
        [4228.717949],
        [4226.666667],
        [4228.717949],
        [4229.230769],
        [4229.74359 ],
        [4227.692308],
        [4230.25641 ],
        [4231.794872],
        [4231.794872],
        [4231.794872],
        [4227.692308],
        [4228.717949],
        [4229.230769],
        [4229.230769],
        [4232.820513],
        [4232.307692],
        [4229.74359 ],
        [4226.666667],
        [4227.179487],
        [4232.820513]],

       [[4232.820513],
        [4231.282051],
        [4230.769231],
        [4232.820513],
        [4231.282051],
        [4230.25641 ],
        [4233.333333],
        [4229.230769],
        [4224.615385],
        [4228.717949],
        [4231.282051],
        [4229.74359 ],
        [4232.307692],
        [4234.358974],
        [4229.74359 ],
        [4230.25641 ],
        [4234.871795],
        [4230.25641 ],
        [4225.641026],
        [4228.205128],
        [4233.846154],
        [4232.820513],
        [4229.230769],
        [4232.820513],
        [4233.846154],
        [4228.717949],
        [4227.179487],
        [4229.230769],
        [4230.25641 ],
        [4229.74359 ],
        [4231.282051],
        [4232.820513]],

       [[4230.769231],
        [4237.948718],
        [4230.769231],
        [4239.487179],
        [4232.820513],
        [4228.205128],
        [4239.487179],
        [4233.846154],
        [4237.948718],
        [4232.820513],
        [4226.153846],
        [4233.846154],
        [4228.717949],
        [4236.410256],
        [4234.358974],
        [4232.820513],
        [4240.512821],
        [4230.25641 ],
        [4235.897436],
        [4235.384615],
        [4229.230769],
        [4241.538462],
        [4230.25641 ],
        [4229.74359 ],
        [4237.435897],
        [4233.846154],
        [4238.974359],
        [4226.666667],
        [4227.692308],
        [4238.461538],
        [4235.897436],
        [4240.512821]],

       [[4186.666667],
        [4193.333333],
        [4192.820513],
        [4196.923077],
        [4189.230769],
        [4191.282051],
        [4192.820513],
        [4175.897436],
        [4168.717949],
        [4161.025641],
        [4158.461538],
        [4163.076923],
        [4169.230769],
        [4182.564103],
        [4178.974359],
        [4181.025641],
        [4193.333333],
        [4188.205128],
        [4188.205128],
        [4189.230769],
        [4188.205128],
        [4185.641026],
        [4170.769231],
        [4175.384615],
        [4185.128205],
        [4184.615385],
        [4184.102564],
        [4178.461538],
        [4181.538462],
        [4184.615385],
        [4191.282051],
        [4200.512821]],

       [[4231.282051],
        [4240.512821],
        [4247.179487],
        [4250.25641 ],
        [4249.74359 ],
        [4248.717949],
        [4243.076923],
        [4220.      ],
        [4202.051282],
        [4192.307692],
        [4191.794872],
        [4201.538462],
        [4205.641026],
        [4218.461538],
        [4228.717949],
        [4232.307692],
        [4246.153846],
        [4245.128205],
        [4237.948718],
        [4235.897436],
        [4233.333333],
        [4234.358974],
        [4222.051282],
        [4222.051282],
        [4235.384615],
        [4234.871795],
        [4234.871795],
        [4231.282051],
        [4234.871795],
        [4249.74359 ],
        [4252.307692],
        [4257.435897]],

       [[4234.358974],
        [4244.615385],
        [4252.820513],
        [4251.794872],
        [4252.820513],
        [4260.512821],
        [4248.205128],
        [4209.230769],
        [4184.615385],
        [4181.025641],
        [4179.487179],
        [4186.666667],
        [4204.102564],
        [4223.076923],
        [4230.25641 ],
        [4236.923077],
        [4251.794872],
        [4248.717949],
        [4240.512821],
        [4238.974359],
        [4236.923077],
        [4232.820513],
        [4219.487179],
        [4215.897436],
        [4230.769231],
        [4236.923077],
        [4230.769231],
        [4227.179487],
        [4237.435897],
        [4253.333333],
        [4256.923077],
        [4261.538462]]])